00100000000010000000000000000101
00100000000010010000000000001010
00000001001010010101000000100000
00100000000010100000000000000001
00000001000010100101100000100010
10001100000010000000000000000000
10001100000010010000000000000100
10101100000010100000000000001000
00000000000000000000000000000000
00000000000000000000000000000000
00000000000000000000000000000000
00000000000000000000000000000000
00000000000000000000000000000000
00000000000000000000000000000000
00000000000000000000000000000000
11011110101011011011111011101111